1 0.45241013071895425 0.45419730392156865 0.1940359477124183 0.27420343137254904
1 0.6294934640522876 0.4554227941176471 0.16584967320261437 0.28400735294117646
1 0.6015114379084967 0.7398897058823529 0.07148692810457516 0.09191176470588236
1 0.6219362745098039 0.2864583333333333 0.11233660130718955 0.06740196078431372
1 0.06076388888888889 0.643765318627451 0.12152777777777778 0.19378063725490197
0 0.1909722222222222 0.7153799019607843 0.05923202614379085 0.11488970588235294
1 0.4636437908496732 0.6696170343137255 0.05821078431372549 0.10071997549019608
1 0.3924142156862745 0.6426164215686274 0.0628063725490196 0.0742953431372549
0 0.24944035947712417 0.5918719362745097 0.08425245098039216 0.06701899509803921
1 0.6752982026143791 0.7827818627450981 0.07608251633986927 0.14322916666666666
1 0.7189542483660131 0.6870404411764706 0.15625 0.0742953431372549
1 0.8140849673202615 0.8503768382352942 0.17207924836601307 0.1685814950980392
1 0.6615114379084968 0.6150428921568627 0.06689133986928104 0.07506127450980392
1 0.5803227124183007 0.6299785539215687 0.09140114379084967 0.14322916666666666
1 0.8878472222222221 0.2766207107843137 0.22430964052287583 0.08469362745098039
1 0.629313725490196 0.22433210784313726 0.07670751633986927 0.07625306372549019
0 0.5394444444444444 0.26926776960784315 0.06581290849673203 0.08101715686274509