1 0.1729106628242075 0.20072115384615385 0.07364713416586616 0.0889423076923077
1 0.6332052513608709 0.31820913461538464 0.043227665706051875 0.05588942307692308
0 0.3121998078770413 0.5327524038461539 0.07204610951008646 0.08954326923076923
0 0.06644252321485751 0.6742788461538461 0.06724303554274735 0.1310096153846154
0 0.665225744476465 0.052584134615384616 0.06404098623118797 0.05228365384615385
0 0.4963176432917067 0.4685096153846154 0.06788344540505924 0.08125
0 0.45308997758565484 0.48125 0.08645533141210375 0.07692307692307693
0 0.12624079410822928 0.4246394230769231 0.058757604867114954 0.08004807692307692
1 0.5414665385846942 0.5545673076923077 0.07108549471661864 0.07932692307692307
1 0.6067883445405059 0.5548076923076923 0.06468139609349983 0.0798076923076923
1 0.659942363112392 0.5557692307692308 0.06724303554274735 0.0798076923076923
0 0.7732949087415946 0.5961538461538461 0.06211975664425232 0.04423076923076923
0 0.8548126801152738 0.6482379807692308 0.05843739993595901 0.06570432692307691
0 0.8206596221581812 0.6546466346153846 0.05256804354787063 0.09615384615384616
0 0.8965738072366315 0.6616586538461539 0.05443483829650977 0.08653846153846154
0 0.8014473262888249 0.70703125 0.04883125200128082 0.07712259615384615
0 0.8904354787063721 0.7258605769230769 0.06350624399615755 0.07992788461538461
0 0.9117835414665386 0.6046682692307692 0.07738392571245596 0.03265144230769231
0 0.8420044828690362 0.5944519230769231 0.0792507204610951 0.038262019230769224
1 0.712856227985911 0.5493798076923078 0.0547006083893692 0.056290865384615384
1 0.7965097662504003 0.5319519230769231 0.04642971501761127 0.047475961538461536
1 0.8426737111751521 0.5430697115384615 0.06350624399615755 0.05689182692307692
1 0.9452705731668267 0.5500793269230769 0.028552673711175154 0.036057692307692304
1 0.9568780019212295 0.5861370192307692 0.0341562600064041 0.037259615384615384
1 0.9691546589817484 0.63621875 0.05443483829650977 0.045271634615384616
1 0.9268587896253602 0.6498389423076922 0.09472622478386167 0.07131490384615385
1 0.43134165866154334 0.7249591346153846 0.0547006083893692 0.08132932692307691
1 0.48110790906179957 0.7119399038461539 0.07845020813320525 0.07411778846153846
0 0.4542907460774896 0.7545072115384616 0.028552673711175154 0.03786057692307692
0 0.4825744476464937 0.7525048076923078 0.03442203009926353 0.04226682692307693
0 0.476439321165546 0.6658653846153846 0.057902657700928596 0.057692307692307696
0 0.515529939161063 0.6171875 0.03362151777137368 0.039663461538461536
0 0.44895292987512003 0.2821514423076923 0.0547006083893692 0.06590625
0 0.49738392571245593 0.34585336538461536 0.07364713416586616 0.059896634615384615
0 0.6193307716938841 0.35416586538461536 0.07524815882164586 0.08373317307692307
0 0.6925776496958054 0.33523557692307693 0.08512007684918348 0.08153125
1 0.5231348062760166 0.40614903846153844 0.09739673390970222 0.0751201923076923
1 0.6077233429394813 0.24809615384615383 0.039759846301633046 0.048677884615384616
1 0.4670989433237272 0.2467956730769231 0.044562920268972135 0.047276442307692304
1 0.5013864873519052 0.23748076923076922 0.060838936919628564 0.04827644230769231
1 0.5260710854947166 0.17267548076923078 0.06057316682676913 0.08373317307692307
1 0.4252065321805956 0.15214423076923075 0.05897214217098943 0.06911057692307693
1 0.27457572846621836 0.1953125 0.043227665706051875 0.04927884615384615
1 0.3139353186039065 0.1800889423076923 0.049897534422030106 0.042867788461538464
1 0.08271853986551392 0.3967355769230769 0.04002561639449247 0.0751201923076923
1 0.1228786423310919 0.3856177884615385 0.05897214217098943 0.06971153846153846
1 0.12061159141850784 0.5285456730769231 0.054969580531540184 0.06790865384615384
1 0.06951008645533141 0.5400649038461539 0.08565481908421389 0.08814182692307693
1 0.39398655139289146 0.5674086538461539 0.07338136407300672 0.05228365384615385
1 0.4841754723022734 0.5986586538461539 0.04562920268972142 0.057492788461538456
1 0.48390970220941404 0.6418269230769231 0.03442203009926353 0.04487259615384615
0 0.9112487992315081 0.4988990384615385 0.04216138328530259 0.029045673076923077
0 0.6448126801152738 0.46834855769230765 0.049897534422030106 0.0717139423076923
1 0.587841818764009 0.4593341346153846 0.05603586295228947 0.06610576923076923
1 0.6815017611271214 0.3786057692307692 0.047495997438360554 0.048478365384615384
1 0.7141914825488312 0.4308894230769231 0.09792827409542107 0.04447115384615385
1 0.8362696125520334 0.43309375 0.07258085174511687 0.050882211538461536
1 0.8776272814601345 0.3833125 0.03522254242715338 0.026641826923076924
1 0.7839673390970221 0.3721947115384615 0.09339417227025297 0.03325240384615385
1 0.8373358949727826 0.3342355769230769 0.037358309317963495 0.043870192307692304
1 0.8686903618315722 0.3212139423076923 0.046695485110470704 0.02984855769230769
1 0.7360710854947167 0.3049879807692308 0.06430675632404739 0.07071394230769232
1 0.21430995837335895 0.30631971153846155 0.07913544668587896 0.08241826923076924
1 0.1486679474863913 0.2766129807692308 0.05672110150496317 0.0669639423076923
1 0.8272718539865515 0.27335096153846156 0.03613832853025937 0.027473557692307693
1 0.9466634646173551 0.3216009615384615 0.06541466538584693 0.03468509615384615
1 0.9491802753762408 0.37894951923076925 0.060381043868075565 0.035370192307692304
1 0.2870413064361191 0.4289158653846154 0.04528658341338457 0.059752403846153844
1 0.2543355747678514 0.46583173076923073 0.08508165225744475 0.03674519230769231
1 0.2504450848543068 0.5092716346153846 0.06266730707652898 0.04670432692307692
1 0.20264489273134806 0.5091009615384615 0.061296829971181556 0.05048076923076923
1 0.228488632724944 0.4301177884615385 0.07364713416586616 0.03949278846153846
1 0.3575632404739033 0.36378125 0.03949087415946206 0.06410336538461539
1 0.31620236951649056 0.36338221153846156 0.04963176432917067 0.0689110576923077
0 0.34742235030419466 0.44471153846153844 0.06190521934037785 0.07371875
1 0.37730707652897855 0.505875 0.0402049311559398 0.056625
0 0.3990105667627281 0.4568653846153846 0.033800832532821005 0.04567307692307692
0 0.4326320845341018 0.3454855769230769 0.046964457252641686 0.06276682692307693
1 0.3077521613832853 0.29794230769230773 0.05336855587576048 0.07077884615384615
1 0.31720461095100866 0.6709735576923077 0.05803714377201409 0.09314903846153846
1 0.2541626641050272 0.6530961538461538 0.0776496958053154 0.07361778846153846
1 0.4040601985270574 0.6793870192307693 0.0452289465257765 0.049879807692307696
1 0.35843099583733595 0.6568509615384616 0.031620236951649054 0.06310096153846154
0 0.3629618956131924 0.7002980769230769 0.021095100864553313 0.02106971153846154
0 0.7718539865513929 0.6290865384615385 0.04258725584373999 0.04278846153846154
0 0.6706692283061159 0.6258413461538461 0.05091258405379443 0.07043269230769231