0 0.4741176470588236 0.7056801470588235 0.21256127450980394 0.2580392156862745
0 0.330718954248366 0.721452205882353 0.144375 0.2719607843137255
0 0.2098447712418301 0.7548192401960785 0.21823937908496732 0.30847426470588235
0 0.9199673202614379 0.35568933823529414 0.1410171568627451 0.14227634803921568
0 0.6975285947712418 0.36198529411764707 0.10240604575163399 0.17753063725490198
0 0.6051960784313726 0.33932291666666664 0.13933823529411765 0.11709558823529412
0 0.8318300653594771 0.8744301470588235 0.09233251633986927 0.14731311274509803
0 0.93171977124183 0.8706525735294117 0.11415849673202613 0.1800490196078431
0 0.5044730392156863 0.9487162990196079 0.15276960784313726 0.10198529411764706
1 0.9457148692810458 0.8121047794117647 0.10857026143790849 0.20145220588235294
1 0.6496854575163399 0.6012101715686274 0.08058006535947712 0.09191176470588236
1 0.805812908496732 0.7082322303921569 0.12758578431372547 0.09443014705882354
1 0.8217606209150327 0.6603860294117647 0.11583333333333333 0.0642126225490196
1 0.7588071895424836 0.4274571078431373 0.10072712418300654 0.07932291666666667
1 0.4843259803921569 0.4985968137254902 0.062116013071895425 0.09065257352941176
1 0.5397263071895425 0.5174816176470588 0.07554330065359477 0.07050857843137255
1 0.43480392156862746 0.5772886029411765 0.08729575163398692 0.056657475490196084
1 0.16787581699346404 0.480968137254902 0.10744281045751633 0.08813419117647059
1 0.3256821895424837 0.3884252450980392 0.10072712418300654 0.07932291666666667
1 0.6320588235294118 0.9589338235294118 0.09569035947712418 0.08213235294117646