0 0.4874159462055716 0.029161057692307694 0.02229266730707653 0.024850961538461537
0 0.4627601665065642 0.016990384615384616 0.048639129042587256 0.015721153846153847
0 0.3857444764649376 0.43260576923076927 0.09457893051552994 0.08925961538461538
0 0.5144412423951329 0.5883028846153846 0.08174191482548832 0.08012980769230768
0 0.783989753442203 0.6641225961538462 0.06282740954210696 0.0948389423076923
0 0.43404739032981104 0.60453125 0.061476144732628885 0.07911778846153845
1 0.7262279859109831 0.08089182692307692 0.022968299711815562 0.03803605769230769
1 0.693800832532821 0.0755673076923077 0.04188600704450848 0.027387019230769232
1 0.82283381364073 0.15138701923076922 0.04323727185398655 0.053252403846153845
1 0.6042907460774896 0.048687499999999995 0.04121037463976945 0.03245913461538462
1 0.5130899775856549 0.04615144230769231 0.06958373358949728 0.030430288461538463
0 0.3823663144412424 0.042093750000000006 0.048639129042587256 0.03955769230769231
0 0.33372718539865515 0.011158653846153846 0.04999039385206532 0.022314903846153845
1 0.4127665706051873 0.017497596153846155 0.07971501761127121 0.021807692307692306
1 0.35095421069484467 0.33421634615384616 0.18037463976945242 0.11056009615384615
1 0.4999135446685879 0.35196875 0.12024975984630164 0.04767307692307692
1 0.5955075248158822 0.3872139423076923 0.09255203330131284 0.08266586538461539
1 0.6286103105987833 0.36895673076923075 0.07633685558757605 0.04310817307692308
1 0.6914377201408902 0.4072475961538462 0.08039065001601024 0.06694471153846154
1 0.7735158501440922 0.4092764423076923 0.1216010246557797 0.08012980769230768
1 0.8140505923791227 0.37428365384615386 0.1324111431316042 0.0639014423076923
1 0.6796157540826129 0.3060697115384615 0.1729426833173231 0.04818028846153846
0 0.6681300032020494 0.23557451923076922 0.1216010246557797 0.06948076923076923
1 0.4722158181235991 0.2753870192307692 0.23104066602625678 0.09027403846153846
1 0.6063144412423951 0.5003100961538461 0.08174191482548832 0.08063701923076923
0 0.7022446365674032 0.5588870192307692 0.10065962215818124 0.11563221153846154
0 0.7022446365674032 0.6671658653846153 0.08174191482548832 0.10498076923076924
0 0.592129362792187 0.6030096153846154 0.08174191482548832 0.09433173076923078
1 0.533691962856228 0.7399423076923076 0.09052513608709574 0.09230288461538462
0 0.5134261927633685 0.6539807692307692 0.10808837656099904 0.07252403846153846
1 0.5978706372078131 0.6998774038461538 0.08241754723022734 0.08012980769230768
1 0.6789401216778738 0.7822908653846153 0.10538904899135447 0.06136538461538461
1 0.5749023374959975 0.78609375 0.08106628242074927 0.10853125
1 0.6579955171309638 0.735125 0.09322766570605187 0.05528125
1 0.3658149215497919 0.6311586538461538 0.05877361511367275 0.1110673076923077
1 0.34723983349343585 0.5766394230769231 0.1891578610310599 0.08418750000000001
1 0.9402625680435479 0.5066346153846154 0.11947806596221582 0.17279807692307694
0 0.5344956772334294 0.11518509615384616 0.017966698687159784 0.01697596153846154
0 0.5483253282100544 0.10336538461538461 0.023419788664745436 0.01151923076923077