1 0.7461671469740635 0.19704326923076923 0.14747358309317962 0.10375240384615385
1 0.6240441882804996 0.22055769230769232 0.06795389048991354 0.13155528846153847
1 0.917332692923471 0.6983677884615385 0.1653314121037464 0.1480721153846154
0 0.7258853666346462 0.6443269230769231 0.15779058597502402 0.13454326923076923
0 0.29369836695485113 0.47198076923076926 0.13804354787063722 0.22734615384615384
1 0.494716618635927 0.4065024038461538 0.08645533141210375 0.12043028846153847
1 0.4997854626961255 0.7701875 0.14142491194364393 0.054531249999999996
1 0.48937880243355747 0.8235576923076923 0.12487992315081652 0.05069230769230769
1 0.47399295549151454 0.8720480769230768 0.12185718860070445 0.041908653846153845
1 0.4854658981748319 0.9226153846153846 0.11491834774255523 0.059709134615384615
1 0.640675632404739 0.7805408653846154 0.11580851745116875 0.05921394230769231
1 0.6342715337816203 0.8464038461538461 0.13928914505283382 0.06914423076923076
1 0.5915786103105988 0.9387836538461539 0.09659622158181236 0.08082692307692307
1 0.15716618635926993 0.6661370192307693 0.12648094780659622 0.15572355769230767
0 0.7893051552993916 0.4916274038461539 0.1633045148895293 0.06311538461538461
1 0.7531924431636247 0.3346658653846154 0.10388728786423311 0.10976923076923077
1 0.09970861351264809 0.4607908653846154 0.141780339417227 0.19695432692307693
1 0.25520333013128405 0.1985576923076923 0.2068523855267371 0.17884615384615385
0 0.8472622478386167 0.190625 0.1818764008965738 0.13125