0 0.8177137367915466 0.6750865384615385 0.19314441242395133 0.1569543269230769
0 0.6977073326929235 0.8166586538461539 0.3153186039065002 0.28203605769230766
0 0.8938840858149215 0.8891899038461539 0.16651937239833492 0.2216201923076923
0 0.5422222222222222 0.6069278846153846 0.30256804354787065 0.19450721153846154
0 0.5437367915465898 0.08565384615384615 0.12418828049951969 0.07465144230769231
0 0.9316298430995837 0.8113389423076923 0.13674031380083254 0.2378076923076923
1 0.8132020493115595 0.19987019230769232 0.24223823246878 0.2102235576923077
1 0.1560870957412744 0.12163701923076922 0.1305507524815882 0.09640384615384616
1 0.3059558117195005 0.13353125 0.1224047390329811 0.09928125
1 0.2270797310278578 0.12535576923076924 0.11961255203330132 0.08490624999999999
1 0.048559077809798276 0.06911298076923077 0.0970893371757925 0.13822596153846153
1 0.3000224143451809 0.05357932692307692 0.15551713096381684 0.08360576923076923
1 0.9428146013448606 0.1947331730769231 0.11436759526096703 0.30861538461538457
1 0.7641274415626 0.053807692307692306 0.23599103426192763 0.10761538461538461
1 0.4362087736151137 0.9692091346153846 0.09073006724303555 0.061579326923076924