0 0.6681075888568684 0.8252139423076923 0.6637848222862632 0.34554086538461537
0 0.7801793147614473 0.6256322115384616 0.43964137047710533 0.21377884615384615
0 0.505603586295229 0.5378798076923077 0.30547550432276654 0.18537499999999998
1 0.31857508805635604 0.4767139423076923 0.3538872878642331 0.10629326923076923
1 0.5821261607428755 0.3724375 0.20917387127761766 0.21307692307692308
1 0.41527697726544993 0.34554807692307693 0.16303554274735832 0.15325480769230768
0 0.7812263848863272 0.4628221153846154 0.15650336215177713 0.10869951923076923
1 0.9358661543387768 0.48405288461538465 0.12826769132244636 0.07207932692307693
1 0.8876400896573807 0.49850000000000005 0.1070573166826769 0.07418028846153846
1 0.16692923471021456 0.4065 0.3338584694204291 0.12193990384615384
1 0.27581492154979187 0.3450048076923077 0.16940121677873837 0.09641586538461538
1 0.22255843739993594 0.25803365384615384 0.25207172590457894 0.12487740384615385