1 0.3827345501120717 0.7222884615384615 0.11651937239833493 0.19911778846153846
1 0.19861671469740633 0.6609158653846153 0.23926352865834136 0.13516826923076922
1 0.3923406980467499 0.3743028846153846 0.15067563240473902 0.05122115384615385
1 0.5134838296509766 0.4487884615384615 0.11118155619596543 0.10404086538461539
1 0.6851040666026257 0.06080528846153846 0.17264489273134806 0.12160817307692308
1 0.1850528338136407 0.21509615384615383 0.28684918347742555 0.08363701923076923
0 0.7938424591738713 0.8859423076923076 0.1403554274735831 0.18013942307692307
1 0.48204290746077494 0.1580360576923077 0.14756003842459173 0.11855769230769231
0 0.656285622798591 0.7376370192307693 0.20466538584694202 0.09989663461538462
1 0.9446045469100224 0.4845240384615384 0.09606147934678194 0.13211057692307693
1 0.17904899135446684 0.35917788461538463 0.1787800192122959 0.10016586538461539