0 0.5865577969900736 0.5750192307692308 0.1955203330131284 0.20065144230769233
0 0.5938360550752482 0.4625913461538462 0.21631764329170666 0.1678605769230769
0 0.388437399935959 0.535201923076923 0.2277585654819084 0.15068509615384615
0 0.42223823246878006 0.6944735576923078 0.25583733589497276 0.19128365384615384
0 0.6546781940441883 0.24788701923076925 0.14040025616394494 0.27404086538461536
0 0.13051873198847264 0.31190865384615385 0.17159782260646814 0.20845913461538462
0 0.3728370156900416 0.27365144230769234 0.15911943643932117 0.09915384615384616
0 0.30575728466218377 0.20533653846153846 0.11439961575408261 0.10930528846153846
0 0.0904803073967339 0.14209615384615384 0.1809606147934678 0.12335817307692307
0 0.528837656099904 0.2873149038461538 0.11544028178033941 0.05933653846153846
0 0.7305955811719501 0.3528966346153846 0.07176112712135767 0.098375
0 0.5251969260326609 0.8665600961538461 0.22463976945244957 0.2668798076923077
1 0.8491546589817482 0.32518028846153846 0.13415946205571566 0.23031971153846154
1 0.9118379763048351 0.2268076923076923 0.1763240473903298 0.10540144230769231
1 0.7727153378162024 0.0968125 0.2704002561639449 0.10462019230769232
0 0.9236375280179314 0.09073076923076923 0.15208453410182515 0.13864423076923077
1 0.2183989753442203 0.12140625000000001 0.16639769452449565 0.08666346153846154
1 0.7435959013768813 0.778014423076923 0.3535991034261928 0.18972115384615384
0 0.6016362471982069 0.9107403846153845 0.0883989753442203 0.10696153846153846
1 0.041079090617995515 0.3474326923076923 0.08215818123599103 0.18113221153846154
0 0.5163560678834453 0.10774278846153845 0.16743836055075248 0.2154855769230769