0 0.24556836375280178 0.8477908653846153 0.08858149215497918 0.07914663461538461
1 0.6508101184758245 0.04736057692307693 0.17193723983349346 0.06920192307692308
1 0.13042267050912584 0.1384014423076923 0.11571565802113352 0.15410576923076924
1 0.13358629522894652 0.30214903846153846 0.26717259045789304 0.16749759615384616
1 0.4137303874479667 0.29861778846153847 0.12221261607428754 0.09200721153846154
1 0.6311975664425232 0.29643509615384617 0.15755363432596864 0.14134615384615384
1 0.47593019532500797 0.1676033653846154 0.18435798911303233 0.1693221153846154
1 0.6916682676913224 0.17889182692307692 0.15820685238552673 0.09668509615384614
1 0.46291706692283063 0.6095985576923076 0.2222638488632725 0.19684615384615384
1 0.17463656740313802 0.6533798076923076 0.30839577329490875 0.14694471153846153
1 0.2190938200448287 0.5418629807692308 0.24563560678834453 0.09528125
1 0.8743932116554595 0.24833653846153844 0.20854626961255202 0.08147115384615385
1 0.962529618956132 0.5540961538461538 0.07494076208773615 0.15410576923076924
1 0.6249823887287864 0.6076322115384616 0.12417547230227347 0.09649519230769231
1 0.4340922190201729 0.8392427884615384 0.14643932116554595 0.15901442307692307
1 0.6001440922190202 0.8895480769230769 0.11375280179314762 0.1683389423076923
1 0.8364745437079731 0.7067307692307693 0.1392507204610951 0.06281971153846154