0 0.29947836538461536 0.24337495997438358 0.05809375 0.22044508485430678
0 0.21263942307692307 0.19491834774255523 0.06951201923076923 0.16515850144092217
0 0.1597548076923077 0.27871918027537623 0.12720432692307693 0.08300032020493114
0 0.24879807692307693 0.5239225104066603 0.11538461538461539 0.2788216458533461
0 0.40665144230769235 0.6752481588216459 0.09214663461538461 0.23244956772334296
0 0.47025240384615385 0.9265449887928274 0.0751201923076923 0.1330515529939161
0 0.6501394230769231 0.7511975664425231 0.09595432692307693 0.2754755043227666
1 0.7195504807692308 0.4217451168747998 0.18189182692307693 0.16412103746397694
1 0.7058293269230769 0.26198206852385525 0.15925480769230768 0.14453730387447966
0 0.5719158653846154 0.26266730707652897 0.11257932692307691 0.23661863592699328
0 0.3487572115384615 0.8000352225424272 0.08213221153846154 0.2258597502401537
1 0.2761418269230769 0.8986551392891451 0.0811298076923077 0.17013768812039706
0 0.49038461538461536 0.5838776817162984 0.12740384615384615 0.10414345180915786
0 0.5979567307692307 0.46512007684918344 0.16466346153846154 0.17082292667307078
1 0.10126201923076923 0.16148575088056355 0.08954326923076923 0.12390970220941404
0 0.46424278846153844 0.4604354787063721 0.0967548076923077 0.08139929554915146