1 0.21319884726224786 0.7561538461538462 0.23919948767211013 0.3271322115384615
1 0.6900352225424271 0.8342283653846153 0.33591738712776176 0.19909134615384616
1 0.15436439321165546 0.47495432692307693 0.23036503362151775 0.17192548076923078
1 0.5289657380723664 0.46734615384615386 0.0999839897534422 0.10498076923076924
0 0.47796029458853667 0.5487451923076924 0.10065962215818124 0.08824519230769232
0 0.40094460454691006 0.8484759615384615 0.22901376881203972 0.15113221153846154
1 0.7957861031059877 0.3884230769230769 0.225094460454691 0.19167307692307692
1 0.6498334934357989 0.3940961538461539 0.1479410822926673 0.1624158653846154
1 0.2994652577649696 0.3370721153846154 0.2648639129042587 0.10688461538461538
0 0.8287960294588537 0.6696658653846154 0.23225424271533782 0.08897115384615385
1 0.37820685238552676 0.6717548076923077 0.16782580851745116 0.232875
1 0.8580243355747679 0.8733509615384615 0.20313480627601666 0.1487548076923077
0 0.6867819404418829 0.5434879807692308 0.07433877681716299 0.07268028846153847
0 0.13020172910662825 0.2042596153846154 0.26040666026256803 0.11885336538461538
1 0.47366314441242396 0.2049110576923077 0.26040666026256803 0.1669158653846154
1 0.6475536343259686 0.14840625 0.3105827729747038 0.09417307692307691
1 0.19559718219660582 0.04391346153846154 0.31475824527697727 0.08522596153846154