1 0.8517451168747999 0.49939903846153844 0.14943003522254245 0.20526201923076923
1 0.7455427473583093 0.9344495192307692 0.2017291066282421 0.12825
1 0.11865513928914505 0.8182115384615385 0.21382644892731348 0.08276201923076923
1 0.3035734870317003 0.6923822115384616 0.10121998078770414 0.12327884615384616
1 0.6516170349023375 0.7260408653846153 0.16116874799871916 0.08001682692307692
1 0.5195325008005123 0.3351971153846154 0.08912263848863272 0.08999759615384616
1 0.6486807556836375 0.4615889423076923 0.15103105987832213 0.1793221153846154
1 0.10157540826128723 0.3517379807692308 0.20315081652257447 0.12307932692307692
1 0.6866602625680436 0.07935817307692307 0.299570925392251 0.1587139423076923
1 0.35258085174511683 0.08516826923076923 0.3059750240153698 0.15243990384615383
1 0.78094460454691 0.21881730769230767 0.21987512007684917 0.10563701923076922
1 0.7811207172590459 0.6658653846153846 0.09570605187319885 0.08947596153846155
1 0.9258725584373999 0.7426274038461538 0.14825488312520013 0.17248798076923075
1 0.5737880243355747 0.6058125 0.11011527377521613 0.06392067307692308
1 0.46340698046749923 0.5778990384615385 0.10495677233429394 0.11707211538461539
0 0.40968299711815565 0.45625721153846155 0.1768235670829331 0.07570913461538462