0 0.5177713736791547 0.6604567307692307 0.07172590457893052 0.08533653846153846
1 0.8197246237592059 0.7740384615384616 0.15369836695485112 0.20192307692307693
1 0.16410502721741915 0.6442307692307693 0.12007684918347743 0.15384615384615385
1 0.6235798911303234 0.6708822115384615 0.06863272494396414 0.08540384615384615
1 0.4672302273455011 0.4913990384615385 0.09110150496317643 0.07603365384615385
0 0.5432500800512328 0.46956250000000005 0.05310918988152418 0.07221394230769232
0 0.6072494396413705 0.39053125 0.08321165545949408 0.08891346153846154
0 0.7124111431316043 0.31273076923076926 0.14651617034902337 0.06821875000000001
1 0.7755363432596862 0.4988149038461539 0.04803714377201409 0.07316586538461539
0 0.8961511367275056 0.5449014423076923 0.14862311879602946 0.08003365384615385
1 0.7561351264809477 0.5678221153846154 0.07020813320525136 0.04334615384615385
0 0.7318860070445085 0.6319711538461539 0.13441242395132885 0.048199519230769226
1 0.9083253282100544 0.7261586538461539 0.18154018571886008 0.11659615384615385
1 0.07043227665706052 0.7027620192307692 0.13574447646493756 0.19804326923076923
1 0.2189817483189241 0.48308894230769234 0.0806788344540506 0.06921875
1 0.059868715978226066 0.4167548076923077 0.11845341018251682 0.08652403846153846
1 0.058267691322446365 0.3352764423076923 0.11525456292026898 0.08796634615384616
1 0.4001857188600704 0.3682043269230769 0.08707973102785782 0.0807548076923077
0 0.20631123919308356 0.41278846153846155 0.06604226705091258 0.04230288461538461
1 0.909868715978226 0.17628365384615385 0.18026256804354787 0.13822355769230768
1 0.6588344540505924 0.13941826923076925 0.16802433557476784 0.05500721153846154
1 0.21792507204610953 0.19869471153846155 0.12759846301633046 0.11096394230769231
1 0.2766730707652898 0.09104807692307693 0.078328530259366 0.0682860576923077
1 0.3960582772974704 0.07065625 0.09475184117835415 0.05406009615384615
1 0.5173390970220941 0.08203846153846153 0.08969580531540186 0.07682211538461538