1 0.857704130643612 0.9069182692307692 0.14462696125520333 0.18215625
1 0.7957092539225105 0.7629783653846154 0.09072366314441242 0.08498557692307693
1 0.2558981748318924 0.8660673076923078 0.19158821645853347 0.22225240384615386
0 0.39296189561319245 0.4359375 0.13057316682676912 0.16647836538461538
0 0.2899647774575728 0.21214903846153846 0.14444764649375602 0.17243028846153846
0 0.5568011527377522 0.16686057692307693 0.1657957092539225 0.15877163461538463
0 0.7067627281460134 0.24848076923076926 0.1647262247838617 0.14252884615384614
1 0.8452513608709573 0.1794783653846154 0.11473903298110791 0.10032692307692308
0 0.28338136407300674 0.07434134615384615 0.19959333973743196 0.12598076923076923
1 0.26425872558437397 0.5633269230769231 0.1677521613832853 0.05267067307692308
0 0.5070797310278577 0.6532596153846154 0.20083893691962856 0.20689423076923075
0 0.0972174191482549 0.1747451923076923 0.156010246557797 0.17774759615384614
1 0.6472590457893052 0.5071225961538461 0.22716618635926994 0.07889903846153846