1 0.7877937880243356 0.5018293269230769 0.24851424911943645 0.35275
1 0.5599135446685879 0.21225961538461538 0.17949407620877358 0.24636538461538465
1 0.12363432596861992 0.5111129807692307 0.24726865193723985 0.3488822115384615
1 0.3203842459173871 0.6977692307692307 0.11776496958053154 0.16129567307692308
1 0.2742203009926353 0.8818125 0.07666986871597822 0.11592307692307692
1 0.06288504642971501 0.8706586538461538 0.12577009285943003 0.25868028846153845
1 0.9669644572526417 0.9076274038461538 0.06606788344540507 0.12107692307692308
1 0.9344124239513288 0.7571346153846154 0.13117835414665385 0.06528365384615384
1 0.773474223503042 0.06689663461538461 0.23410502721741916 0.12551442307692307
1 0.36699007364713415 0.11379567307692308 0.26007684918347745 0.17604326923076924
1 0.36716938840858154 0.4508028846153846 0.17717899455651617 0.21223798076923076
1 0.5144636567403138 0.86771875 0.20493115593980146 0.15343990384615383