1 0.6778642331091899 0.5982067307692308 0.18138008325328212 0.1934326923076923
1 0.45345180915786104 0.7511346153846153 0.13472942683317324 0.14906490384615384
1 0.5806083893691963 0.48186778846153844 0.14960934998398975 0.10291826923076923
1 0.7585910983029138 0.4158966346153846 0.19535062439961576 0.08716105769230768
1 0.8244924751841178 0.47563461538461543 0.2675408261287224 0.09647596153846154
1 0.35805635606788344 0.6473725961538462 0.17728466218379763 0.12420673076923078
1 0.4936343259686199 0.67878125 0.14317323086775535 0.14216346153846154
1 0.40287544028178035 0.89153125 0.07370156900416266 0.08165384615384616
1 0.51741274415626 0.8185288461538461 0.15338136407300673 0.11696634615384616
1 0.4701056676272815 0.8816225961538462 0.08864233109189881 0.09548557692307692
1 0.4366154338776817 0.9496514423076924 0.08391290425872558 0.10069471153846153
1 0.24626641050272174 0.31686538461538466 0.1158917707332693 0.11684134615384616
1 0.3583221261607429 0.33566826923076926 0.07754402817803394 0.10326923076923078
1 0.46356067883445407 0.19075721153846154 0.10055075248158821 0.09331971153846154
0 0.5043035542747358 0.40138701923076925 0.10159141850784502 0.039002403846153846
0 0.4107684918347742 0.5434134615384615 0.12687800192122958 0.06160336538461538
1 0.13619276336855587 0.2970576923076923 0.1978802433557477 0.12164182692307692
1 0.30811719500480306 0.18130288461538463 0.11060518731988474 0.0983798076923077
1 0.37398655139289144 0.19754326923076923 0.07051232788984951 0.12048076923076922
1 0.5917419148254883 0.28170432692307695 0.11692603266090298 0.08270192307692308