1 0.7190746077489594 0.21782692307692306 0.08560038424591739 0.07395192307692307
1 0.6263752801793148 0.8536057692307693 0.10385206532180595 0.12051201923076922
1 0.6110566762728146 0.7646225961538461 0.08218699967979508 0.04831490384615385
1 0.4132244636567403 0.7972908653846154 0.07973102785782901 0.08961538461538462
0 0.34480627601665065 0.9341971153846155 0.09915786103105988 0.11727163461538462
1 0.8444860710854947 0.8123173076923076 0.05464937560038424 0.07159134615384616
1 0.8211111111111111 0.7400889423076923 0.06937880243355747 0.020403846153846154
1 0.8784822286263209 0.7656177884615384 0.09446045469100224 0.016653846153846154
1 0.7236087095741274 0.48701201923076926 0.053688760806916425 0.038286057692307696
1 0.9429490874159462 0.4913846153846154 0.08250720461095101 0.06722596153846154
1 0.5461095100864554 0.5295360576923077 0.09061799551713097 0.04544951923076923
0 0.5988888888888889 0.35830769230769227 0.05400896573807236 0.03472596153846154
1 0.8894236311239193 0.33342307692307693 0.08987191802753763 0.04360817307692308
0 0.6111655459494076 0.4166201923076923 0.06830931796349664 0.026348557692307692
0 0.7515209734229907 0.3683293269230769 0.060838936919628564 0.045153846153846156
1 0.5803041946845982 0.05941826923076923 0.047896253602305476 0.04051201923076923
1 0.2006628242074928 0.9084471153846153 0.1750464297150176 0.10254807692307692
1 0.40812680115273775 0.5384639423076923 0.1278162023695165 0.03645432692307692
1 0.9579474863912905 0.20813701923076924 0.05550112071725905 0.031245192307692304
1 0.7947742555235351 0.18771153846153846 0.13902337495997438 0.057713942307692306
1 0.2893852065321806 0.7576466346153846 0.17851424911943645 0.05335336538461538
1 0.9181876400896574 0.14406730769230772 0.06243996157540826 0.01970673076923077
1 0.9725680435478706 0.13353125 0.03799871918027538 0.044788461538461534
1 0.7498655139289144 0.12038461538461538 0.051127121357668906 0.03580048076923077
1 0.6852385526737111 0.33607692307692305 0.06404098623118797 0.06141826923076923
1 0.5218796029458853 0.4202956730769231 0.08442843419788665 0.04331490384615384
1 0.5159045789305156 0.8566225961538462 0.10428113992955491 0.11292067307692308
1 0.10983029138648735 0.30865384615384617 0.09285943003522254 0.09230769230769231
0 0.2638488632724944 0.3716346153846154 0.10758885686839577 0.08509615384615385
1 0.06852385526737112 0.43822115384615384 0.11015049631764329 0.06009615384615385
1 0.3530259365994236 0.2688701923076923 0.14056996477745756 0.056971153846153845
1 0.4583733589497278 0.3150240384615385 0.08805635606788345 0.12043269230769231
1 0.4007364713416587 0.13701923076923078 0.15401857188600704 0.06778846153846153
1 0.5648414985590778 0.13341346153846154 0.08837656099903939 0.0798076923076923
1 0.9550112071725905 0.3247596153846154 0.08997758565481909 0.07740384615384616
1 0.9535702849823887 0.4170673076923077 0.09285943003522254 0.058653846153846154
1 0.4196285622798591 0.6807692307692308 0.09382004482869036 0.15336538461538463
1 0.2841818764008966 0.6447908653846154 0.21037463976945245 0.10737259615384616