1 0.5708549471661863 0.8928942307692308 0.16401536983669548 0.0723798076923077
1 0.45487031700288183 0.46197596153846154 0.3355043227665706 0.09836538461538462
1 0.7571950048030739 0.5890865384615385 0.08841178354146655 0.09137019230769232
1 0.8403586295228946 0.17320673076923077 0.10958053154018572 0.16345192307692308
1 0.4684790265770093 0.2527524038461539 0.12043227665706052 0.12062259615384616
0 0.304905539545309 0.62265625 0.10815882164585333 0.14248317307692307
1 0.3902945885366635 0.9104591346153846 0.19354466858789626 0.09070432692307692
1 0.40870637207813004 0.8298389423076923 0.1513864873519052 0.06485817307692308
1 0.5567114953570285 0.8298365384615385 0.1293275696445725 0.05684134615384616
1 0.535363432596862 0.6237019230769231 0.3257188600704451 0.21989423076923076
1 0.9272590457893052 0.6735817307692308 0.09125840537944284 0.11612499999999999
1 0.932776176753122 0.4339519230769231 0.08520973422990714 0.06154807692307693
1 0.07106628242074928 0.2513365384615385 0.1271918027537624 0.04727884615384616
1 0.21044508485430677 0.5011850961538461 0.13270573166826768 0.09344711538461539
1 0.12176753121998078 0.6473966346153847 0.11331732308677553 0.10702403846153846