0 0.14425232148575087 0.41966105769230766 0.27185398655139287 0.08627644230769231
0 0.4835094460454691 0.4822980769230769 0.12680115273775217 0.0644375
0 0.8430451488952929 0.45524759615384613 0.15679474863912904 0.06802644230769231
1 0.5478162023695164 0.2513581730769231 0.14782901056676273 0.06409615384615384
0 0.1851328850464297 0.20287019230769232 0.2229682997118156 0.10173557692307693
1 0.36012487992315084 0.14783173076923078 0.14515850144092218 0.05144951923076923
1 0.49044828690361836 0.11569230769230769 0.10481268011527377 0.047572115384615386
0 0.7406340057636888 0.7617283653846154 0.21581812359910343 0.07041346153846154
0 0.3998815241754723 0.6757980769230769 0.11965097662504003 0.04182211538461538
0 0.5294044188280499 0.8124495192307692 0.19874159462055715 0.20550961538461537
0 0.7444220300992636 0.5542548076923076 0.10684277937880243 0.08046394230769231
0 0.6550336215177714 0.4740625 0.12402497598463016 0.07007932692307692
0 0.6962856227985911 0.41450240384615383 0.11943643932116554 0.04807692307692308
0 0.7198751200768492 0.32296874999999997 0.11922190201729106 0.046740384615384614
1 0.8107588856868396 0.2811706730769231 0.11783541466538584 0.052564903846153845
1 0.8714377201408902 0.24778125 0.15337816202369517 0.03194230769230769
0 0.35035862952289465 0.36198317307692307 0.17685878962536025 0.05730769230769231
0 0.4750240153698367 0.3672788461538462 0.07012487992315082 0.0795889423076923
0 0.5525136087095741 0.35373798076923074 0.07631444124239514 0.1082764423076923
0 0.5250816522574447 0.18937259615384613 0.12221261607428754 0.044932692307692305
0 0.252696125520333 0.6647932692307692 0.09517130963816843 0.10816346153846153
0 0.1552993916106308 0.5806899038461538 0.13341978866474544 0.06656009615384616
0 0.17557796990073649 0.4985985576923077 0.13555235350624398 0.07706009615384615