0 0.49334934357989113 0.6455192307692308 0.09957732949087417 0.13556490384615386
0 0.6908165225744477 0.5894302884615386 0.1525328210054435 0.08674519230769231
0 0.04887608069164265 0.6839399038461539 0.09737111751520973 0.13833413461538463
0 0.29331732308677555 0.32622355769230765 0.09316682676913224 0.08718269230769231
0 0.15159141850784502 0.23483894230769228 0.14527697726544989 0.07432932692307692
1 0.5709734229907141 0.34825721153846156 0.19844060198527058 0.1126826923076923
1 0.40245917387127766 0.4020697115384615 0.14075568363752802 0.09350240384615385
1 0.5213864873519052 0.8853269230769231 0.1886967659301953 0.1906923076923077
1 0.611053474223503 0.7688004807692308 0.26608389369196284 0.10946394230769231
1 0.44909702209414026 0.22060576923076924 0.11766570605187321 0.12602163461538463
0 0.3180051232788985 0.8596802884615384 0.14305475504322765 0.18440865384615385
0 0.25211655459494076 0.8261682692307692 0.12404418828049951 0.10529326923076923
1 0.7781268011527378 0.8485240384615385 0.37658661543387767 0.1486033653846154
1 0.8247486391290426 0.9505504807692308 0.2996829971181556 0.09889903846153847