1 0.48184117835414664 0.6297644230769232 0.22240794108229267 0.2653389423076923
0 0.5865097662504003 0.9546778846153846 0.23001280819724626 0.09064423076923077
0 0.3807108549471662 0.8300432692307692 0.2586999679795069 0.10579807692307693
0 0.6449471661863593 0.8560384615384615 0.25723022734550116 0.0868798076923077
1 0.6404098623118796 0.3067235576923077 0.1702433557476785 0.10363221153846154
1 0.34702209414024976 0.3773076923076923 0.07124559718219661 0.08374038461538462
1 0.2073999359590138 0.2253125 0.15223182837015692 0.042971153846153846
1 0.23201408901697088 0.06418509615384616 0.1230131284021774 0.08610336538461538
1 0.5847070124879923 0.15409855769230768 0.06951008645533141 0.06160336538461538
0 0.2520268972142171 0.5718269230769231 0.3359494076208774 0.18478846153846154
1 0.043960934998398975 0.10460817307692308 0.08792186999679795 0.056372596153846155
0 0.3314121037463977 0.937 0.297790585975024 0.12600240384615383