1 0.845821325648415 0.9080528846153846 0.30835734870317005 0.18389423076923078
0 0.8330131284021773 0.7578125 0.3339737431956452 0.15504807692307693
1 0.7668908101184758 0.5985576923076923 0.4034582132564842 0.17548076923076922
1 0.34502081332052514 0.6454326923076923 0.41466538584694207 0.22355769230769232
1 0.3834454050592379 0.8064903846153846 0.5171309638168428 0.25240384615384615
1 0.4218699967979507 0.9338942307692307 0.510726865193724 0.13221153846153846
0 0.7460774895933397 0.43930288461538464 0.1312840217739353 0.1622596153846154
0 0.34502081332052514 0.4561298076923077 0.22894652577649696 0.11177884615384616
0 0.11287223823246878 0.042067307692307696 0.14249119436439323 0.08413461538461539
0 0.42907460774895934 0.057692307692307696 0.24335574767851426 0.11538461538461539
1 0.6340057636887608 0.22536057692307693 0.08965738072366314 0.10697115384615384
1 0.4699007364713417 0.20252403846153846 0.1841178354146654 0.06610576923076923
0 0.2105347422350304 0.1856971153846154 0.26737111751520976 0.11177884615384616
1 0.08165225744476465 0.4254807692307692 0.1601024655779699 0.09615384615384616
1 0.0872558437399936 0.31189903846153844 0.11687479987191803 0.051682692307692304
1 0.8965738072366315 0.46875 0.12487992315081652 0.17548076923076922
0 0.11687479987191803 0.5997596153846154 0.21453730387447967 0.11538461538461539