0 0.3817995517130964 0.5836346153846154 0.12870317002881845 0.15992548076923077
0 0.622042907460775 0.5039014423076923 0.11803073967339098 0.15270192307692307
0 0.4549119436439321 0.20518509615384617 0.17549151456932435 0.08331490384615384
0 0.9456195965417867 0.4473317307692308 0.10876400896573808 0.10045913461538462
1 0.2455779699007365 0.8128028846153846 0.06955491514569324 0.06938461538461538
1 0.11593980147294268 0.8212283653846154 0.08779058597502402 0.12068990384615384
0 0.7156131924431637 0.7532019230769231 0.23152737752161381 0.22101442307692307
0 0.9015113672750561 0.7693822115384615 0.0792507204610951 0.11315144230769231
1 0.8408933717579251 0.37870913461538463 0.10531219980787704 0.13548798076923077
0 0.7149471661863593 0.20638701923076924 0.11812039705411463 0.08091105769230769
0 0.8785622798591098 0.10561057692307692 0.0792507204610951 0.05563942307692308
0 0.24157540826128723 0.19464182692307694 0.1757572846621838 0.06464182692307693
0 0.4381011847582453 0.36105528846153845 0.10041946845981428 0.12102163461538461
0 0.16872878642331093 0.5464399038461538 0.15191802753762407 0.20091826923076925
1 0.40390329811079095 0.13124759615384615 0.18233749599743837 0.060305288461538466
0 0.6576657060518731 0.34115144230769234 0.11776496958053154 0.11152403846153847
0 0.49044828690361836 0.7528052884615385 0.2038648735190522 0.2307716346153846
1 0.5341210374639769 0.9660120192307693 0.09695164905539544 0.06797596153846153
0 0.7194812680115273 0.03225 0.20154979186679475 0.0645