0 0.2968619916746718 0.4315649038461538 0.07543067563240474 0.13609134615384616
0 0.21169708613512647 0.4521153846153846 0.09976625040025616 0.16988461538461538
0 0.17032981107909065 0.3945721153846154 0.15573166826769133 0.08402884615384615
0 0.1125392251040666 0.12420432692307694 0.07370156900416266 0.1748125
0 0.390646813960935 0.13356490384615385 0.09081011847582454 0.1334423076923077
0 0.27678834454050594 0.08859615384615385 0.11801472942683318 0.1771923076923077
0 0.37898495036823565 0.060737980769230766 0.17398014729426833 0.12147836538461539
0 0.9416842779378802 0.06119471153846154 0.0583989753442203 0.080375
0 0.7287704130643611 0.062108173076923075 0.1630291386487352 0.05662740384615384
0 0.848001921229587 0.037447115384615384 0.07543067563240474 0.07489423076923077
0 0.2384630163304515 0.6621874999999999 0.07300032020493115 0.08768269230769231
0 0.2025712455971822 0.6379831730769231 0.09611591418507845 0.06850240384615386
0 0.7640537944284341 0.5324903846153846 0.10219980787704132 0.062108173076923075
0 0.7798719180275376 0.5818125000000001 0.06813320525136086 0.042014423076923074
0 0.7464137047710535 0.5439086538461538 0.059615754082612875 0.048408653846153844
0 0.6448222862632085 0.49001923076923076 0.05596541786743516 0.030141826923076924
0 0.6679378802433557 0.5110264423076922 0.09733269292347103 0.028314903846153847
0 0.6740217739353186 0.5375144230769231 0.07786423310918988 0.04475480769230769
0 0.5438424591738713 0.49458653846153844 0.08029779058597503 0.030141826923076924
0 0.2895997438360551 0.32582692307692307 0.05840858149215498 0.033247596153846155
0 0.836445725264169 0.3237860576923077 0.16667947486391288 0.18724038461538461
0 0.7508645533141209 0.32075 0.1602145373038745 0.20735336538461538
1 0.7299871918027537 0.12102163461538461 0.15816522574447647 0.06119471153846154
0 0.6241402497598463 0.8192860576923077 0.06813320525136086 0.042014423076923074
0 0.7385046429715018 0.6905024038461538 0.08759846301633045 0.0401875
0 0.6880147294268332 0.7206442307692308 0.047447966698687165 0.06393509615384615
0 0.726336855587576 0.7389110576923077 0.043800832532821 0.054802884615384614
0 0.6673294908741595 0.6936995192307692 0.035283381364073 0.04658173076923077
0 0.9744924751841179 0.20642067307692308 0.05101504963176433 0.09864423076923078
0 0.11107909061799551 0.4903341346153846 0.08444444444444445 0.10094471153846155
1 0.1698655139289145 0.5566538461538462 0.13316362471982068 0.04047596153846154
1 0.050342619276336854 0.6078581730769231 0.0656067883445405 0.055105769230769236
0 0.2572334293948127 0.5910336538461538 0.08444444444444445 0.035110576923076925
0 0.24034261927633688 0.6037139423076923 0.08184758245276978 0.03218509615384615
1 0.3748062760166507 0.6768605769230769 0.08184758245276978 0.03316105769230769
1 0.38812359910342614 0.6288269230769231 0.05651296829971182 0.06973317307692307
1 0.34914825488312523 0.6463822115384615 0.050016010246557795 0.0590048076923077
1 0.24066922830611592 0.7692716346153846 0.07080371437720141 0.07753605769230769
1 0.13771053474223502 0.7953605769230769 0.11172590457893052 0.04583894230769231
1 0.1480979827089337 0.7188725961538462 0.15458853666346462 0.06354326923076922
1 0.0298815241754723 0.7609807692307692 0.05975984630163304 0.02194471153846154
1 0.022734550112071726 0.7934086538461538 0.04546910022414345 0.053641826923076924
1 0.11209414024975985 0.9586370192307692 0.2241882804995197 0.08272596153846154
1 0.12894012167787383 0.8811874999999999 0.09159141850784502 0.04583894230769231
1 0.3124463656740314 0.9727788461538462 0.05975984630163304 0.05444230769230769
1 0.39526737111751525 0.9792043269230769 0.10328210054434839 0.040963942307692305
1 0.2932853025936599 0.8331538461538461 0.1149759846301633 0.04827644230769231
1 0.03215497918667948 0.6678389423076924 0.06300992635286583 0.055105769230769236
1 0.04189881524175472 0.4969182692307692 0.08379442843419789 0.06144471153846154
0 0.9032372718539865 0.15629326923076922 0.042222222222222223 0.04925240384615384
1 0.456977265449888 0.8031634615384615 0.10198527057316682 0.08290144230769231
0 0.5862439961575407 0.6707644230769231 0.04611911623439001 0.06193269230769231
0 0.6784854306756324 0.7960913461538461 0.07340377841818764 0.031697115384615386
0 0.7528049951969261 0.4680673076923077 0.07195325008005124 0.05758413461538462
0 0.7249727825808517 0.4520144230769231 0.07059558117195004 0.03465384615384615
0 0.7107172590457893 0.4846298076923077 0.057018892090938196 0.03465384615384615