1 0.18171629843099585 0.30288461538461536 0.1617034902337496 0.1466346153846154
1 0.3218059558117195 0.18689903846153846 0.21133525456292027 0.07572115384615384
1 0.34341978866474543 0.10096153846153846 0.1841178354146654 0.07211538461538461
1 0.7148575088056356 0.4296875 0.10406660262568043 0.13581730769230768
1 0.5651617034902338 0.32872596153846156 0.1569004162664105 0.14783653846153846
1 0.32100544348382964 0.35216346153846156 0.10726865193723983 0.09615384615384616
1 0.20893371757925072 0.43930288461538464 0.13288504642971502 0.13341346153846154
1 0.14008965738072365 0.6748798076923077 0.27057316682676913 0.12620192307692307
1 0.5083253282100544 0.5901442307692307 0.10726865193723983 0.0889423076923077
0 0.6840281780339417 0.7135168269230769 0.06806916426512968 0.09424278846153847
0 0.636605827729747 0.758125 0.1272078130003202 0.12314423076923076
0 0.7236311239193084 0.599201923076923 0.051354466858789624 0.054348557692307696
0 0.516926032660903 0.46639423076923076 0.1032180595581172 0.08167548076923077
1 0.9024623759205891 0.14408653846153846 0.17686519372398335 0.06534134615384615
1 0.8820973422990714 0.2529879807692308 0.0792283061159142 0.11392788461538461
1 0.8087287864233109 0.29696875 0.09317643291706693 0.09298557692307692
1 0.6466474543707973 0.24272596153846154 0.14617995517130963 0.08586538461538461
1 0.7225264169068203 0.14932211538461537 0.15957092539225104 0.04984375
1 0.6308229266730707 0.4614375 0.10910983029138649 0.07341826923076923
1 0.6138488632724943 0.5521466346153846 0.060617995517130964 0.04125961538461538
1 0.8765225744476465 0.7065649038461538 0.1204258725584374 0.06856250000000001
0 0.655472302273455 0.9435360576923078 0.12931796349663785 0.11292548076923077
1 0.7815561959654179 0.7080817307692308 0.056577009285943 0.07766346153846153
1 0.8082292667307076 0.5485048076923077 0.10345180915786102 0.04489903846153846
1 0.9445244956772334 0.48752644230769226 0.11094780659622158 0.07462980769230769
1 0.4178930515529939 0.35555048076923074 0.07851424911943644 0.11598076923076923
0 0.9563848863272494 0.34310096153846154 0.08723022734550112 0.07802403846153846
0 0.9730515529939161 0.25627403846153846 0.05389689401216779 0.12356971153846152
1 0.37694524495677234 0.9615144230769231 0.1294236311239193 0.07697115384615384
1 0.40768491834774256 0.8999519230769231 0.12618635926993274 0.07530048076923077
1 0.655472302273455 0.9435360576923078 0.12931796349663785 0.11292548076923077