1 0.8350816522574448 0.8857019230769231 0.10151456932436759 0.15368028846153844
1 0.9147486391290427 0.8441610576923076 0.17050272174191483 0.10389423076923077
1 0.8152353506243997 0.8239543269230769 0.19229586935638807 0.12513461538461537
0 0.5901921229586936 0.7783389423076923 0.056474543707973106 0.08075961538461537
0 0.6191610630803714 0.7841610576923077 0.03959974383605508 0.06774278846153846
1 0.21727825808517448 0.8670288461538462 0.10439641370477104 0.1459278846153846
1 0.3054082612872238 0.842610576923077 0.1426737111751521 0.14271394230769233
1 0.12859430035222544 0.8070961538461539 0.22080691642651298 0.1247091346153846
1 0.35504322766570606 0.7317403846153846 0.22222862632084533 0.10840865384615385
1 0.8503170028818444 0.6342163461538461 0.17140249759846302 0.13655048076923076
1 0.7496701889209093 0.4837163461538462 0.5006564201088697 0.17061778846153847
1 0.16366954851104706 0.5805504807692308 0.3273390970220941 0.16033173076923077
1 0.2862471982068524 0.4231201923076923 0.13720461095100864 0.1262091346153846
1 0.11915145693243677 0.37784615384615383 0.21834133845661224 0.07018990384615385
1 0.1876560999039385 0.23499278846153848 0.235850144092219 0.10934134615384616
1 0.8647070124879923 0.24009134615384614 0.2515145693243676 0.08692307692307692
1 0.5801472942683317 0.3281778846153846 0.08769452449567723 0.06826923076923076
1 0.40938200448286904 0.21553846153846154 0.10260006404098623 0.029185096153846152
1 0.35925392251040666 0.2970456730769231 0.06336215177713736 0.06888942307692307
1 0.424258725584374 0.25488701923076923 0.09128402177393531 0.04499519230769231
1 0.43588536663464617 0.16656009615384615 0.20487992315081655 0.054538461538461536
1 0.3645789305155299 0.11662740384615385 0.17231828370156899 0.04345432692307693
1 0.6295068844060199 0.1059375 0.20447646493756005 0.11825721153846154