1 0.5864460784313725 0.31978553921568625 0.1947998366013072 0.06743259803921568
1 0.39641339869281045 0.32361825980392156 0.18390114379084968 0.04239889705882353
1 0.4062908496732026 0.26512561274509805 0.1096609477124183 0.08582107843137254
1 0.29833333333333334 0.21863970588235293 0.07764705882352942 0.0521047794117647
1 0.2758537581699346 0.2947549019607843 0.10761846405228757 0.09092830882352942
1 0.2717687908496732 0.3649969362745098 0.16346813725490197 0.05057291666666666
1 0.3797263071895425 0.42680759803921564 0.09740196078431372 0.07100796568627452
1 0.31569852941176474 0.43064031862745095 0.1069362745098039 0.10318933823529412
0 0.21966094771241831 0.41633578431372553 0.15461601307189543 0.0796905637254902
1 0.4280841503267974 0.5394485294117647 0.11238562091503268 0.12566789215686275
1 0.3678063725490196 0.4942401960784314 0.2138725490196078 0.083265931372549
1 0.36814542483660134 0.6704810049019607 0.11647058823529412 0.20791360294117647
0 0.23022058823529412 0.6127542892156863 0.25746323529411763 0.14150428921568628
0 0.4570343137254902 0.7146660539215687 0.09808006535947712 0.08786458333333334
1 0.4549877450980392 0.6722671568627452 0.07219771241830066 0.04904105392156863
0 0.6072222222222222 0.6799295343137255 0.07968954248366014 0.10114583333333332
1 0.6048366013071896 0.7407199754901961 0.10625408496732026 0.05108455882352941
0 0.5578390522875817 0.7825183823529411 0.07492238562091504 0.08563725490196078
1 0.5411519607843137 0.5251439950980392 0.11919526143790851 0.11238664215686274
0 0.665796568627451 0.6130085784313725 0.13690359477124184 0.04904105392156863
1 0.7311846405228758 0.5200367647058823 0.10148692810457516 0.08275735294117648
0 0.7676266339869281 0.470484068627451 0.16346813725490197 0.06436580882352941
1 0.5018341503267973 0.6022702205882353 0.08591911764705883 0.08285232843137255
0 0.8809640522875817 0.8352083333333333 0.15901143790849673 0.1896936274509804
1 0.2091707516339869 0.49264093137254905 0.09391339869281046 0.06323223039215686