0 0.6924431636247198 0.7506009615384616 0.3346141530579571 0.20072115384615385
0 0.6396093499839898 0.7692307692307693 0.21293627921869998 0.17548076923076922
0 0.5131284021773935 0.8227163461538461 0.13288504642971502 0.22716346153846154
0 0.39545308997758566 0.7752403846153846 0.21133525456292027 0.2283653846153846
0 0.12808197246237593 0.8786057692307693 0.1761127121357669 0.16826923076923078
0 0.8677553634325968 0.1971153846153846 0.24335574767851426 0.23798076923076922
0 0.9170669228306116 0.06610576923076923 0.16586615433877683 0.1201923076923077
0 0.07204610951008646 0.18509615384615385 0.1440922190201729 0.24519230769230768
0 0.6468139609349984 0.30228365384615385 0.11847582452769773 0.09495192307692307
0 0.5539545308997759 0.15504807692307693 0.19532500800512329 0.11057692307692307
0 0.33541466538584697 0.21935096153846154 0.11047070124879924 0.18629807692307693
0 0.27457572846621836 0.21394230769230768 0.06884406019852705 0.12259615384615384
1 0.11465577969900737 0.09324759615384616 0.07643932116554594 0.07955528846153846
1 0.09554594940762087 0.34038942307692305 0.12160422670509126 0.05216586538461538
1 0.6080275376240794 0.6331754807692308 0.11118155619596543 0.03521153846153846
1 0.3656868395773295 0.9564591346153846 0.1372398334934358 0.08708173076923077