1 0.3132660902977906 0.5197355769230769 0.13502081332052515 0.1306153846153846
1 0.3879827089337176 0.8312235576923077 0.08431956452129362 0.11296874999999999
0 0.2934550112071726 0.7558125 0.09859750240153699 0.0533125
1 0.6941786743515851 0.9142379807692308 0.08992315081652257 0.13236057692307693
0 0.42914185078450207 0.504625 0.16504002561639447 0.1112139423076923
1 0.8890361831572207 0.26684134615384614 0.1850528338136407 0.07314663461538462
0 0.13615433877681715 0.32730528846153845 0.17304514889529296 0.05946153846153846
1 0.3162696125520333 0.30621875 0.06097342299071405 0.07257211538461537
1 0.08465577969900737 0.7717908653846154 0.16930835734870317 0.14314182692307692
0 0.31046429715017615 0.6742932692307693 0.09259365994236311 0.08756971153846155
1 0.1798495036823567 0.6264423076923077 0.1643707973102786 0.05197596153846154
0 0.46049631764329174 0.6816057692307692 0.07538264489273135 0.0709423076923077
0 0.5467499199487672 0.6763389423076923 0.06564201088696765 0.029353365384615384
1 0.12948447006083894 0.4408245192307692 0.127681716298431 0.08697836538461538
1 0.19278898495036825 0.26030769230769235 0.11180595581171951 0.08171394230769231
1 0.2705059237912264 0.2059543269230769 0.11513928914505282 0.09319951923076923
1 0.4143323727185399 0.06082932692307692 0.12901697086135128 0.09381490384615385
1 0.7233973743195645 0.47766586538461536 0.11473903298110791 0.07292067307692308
1 0.7123887287864233 0.5503557692307692 0.10873519052193403 0.06685817307692307
0 0.6031187960294588 0.8096538461538462 0.05510086455331412 0.10348076923076924
1 0.30599743836055077 0.8852908653846153 0.06764329170669228 0.05042788461538462
1 0.2234774255523535 0.9507692307692307 0.08592058917707332 0.07081009615384615
1 0.6207973102785783 0.32680528846153845 0.05843739993595901 0.052447115384615384
1 0.3858469420429075 0.3308125 0.05603586295228947 0.06046394230769231
1 0.6336055075248159 0.2002139423076923 0.13368555875760488 0.044459134615384616
1 0.4971853986551393 0.7627355769230769 0.1426256804354787 0.0709423076923077