0 0.8443419788664746 0.08851201923076922 0.1324847902657701 0.09509134615384615
1 0.748546269612552 0.22808173076923077 0.09325968619916747 0.13865865384615386
1 0.16964137047710534 0.6177620192307692 0.2544284341978867 0.0838798076923077
1 0.57069804674992 0.5851081730769231 0.1743772014089017 0.10511057692307692
1 0.6087896253602305 0.2367956730769231 0.11447326288824848 0.1392548076923077
1 0.3640345821325649 0.20567548076923078 0.11007044508485431 0.07821634615384615
1 0.3544924751841178 0.42787740384615386 0.1438264489273135 0.08632451923076924
1 0.04216138328530259 0.32918509615384617 0.08431956452129362 0.08124759615384615
1 0.15203009926352867 0.5129110576923077 0.1535638808837656 0.07009375
0 0.8403394172270253 0.7913774038461538 0.1356868395773295 0.13303605769230767
1 0.7926416906820365 0.6585624999999999 0.19078770413064364 0.07894230769230769