1 0.7675312199807877 0.4482596153846154 0.22478386167146974 0.12328365384615385
1 0.7433013128402177 0.9247475961538462 0.23908741594620556 0.13202884615384616
1 0.39195965417867434 0.6364038461538462 0.15107909061799552 0.2649543269230769
1 0.3378162023695165 0.3668798076923077 0.21026897214217097 0.12932451923076924
1 0.5994940762087736 0.47181971153846153 0.12096701889209092 0.16132211538461538
0 0.32438680755683635 0.09192307692307691 0.13217419148254883 0.10825961538461538
1 0.19318924111431318 0.23162259615384614 0.3500896573807236 0.12323557692307692
1 0.7022286263208454 0.24223557692307693 0.1449823887287864 0.08865144230769231
1 0.5161511367275056 0.15453365384615386 0.11865513928914505 0.07161778846153846
1 0.44037143772014087 0.08180288461538462 0.1741562600064041 0.13288942307692309
1 0.8291514569324367 0.08321153846153846 0.10637848222862634 0.16615384615384615
1 0.1359077809798271 0.826298076923077 0.12025616394492475 0.1619471153846154
1 0.08805635606788345 0.6125456730769231 0.1761127121357669 0.11905528846153846
1 0.1926577009285943 0.1356298076923077 0.2017291066282421 0.0786875
1 0.630537944284342 0.685139423076923 0.11047070124879924 0.22578365384615384
1 0.8209253922510407 0.6655649038461539 0.17050912584053796 0.12920673076923078