0 0.8823823246878001 0.8003653846153846 0.07033621517771374 0.08899519230769232
0 0.8215273775216139 0.7914663461538461 0.08456292026897214 0.06763701923076923
0 0.7835926993275696 0.8439735576923076 0.15252961895613193 0.06467067307692308
0 0.6267178994556516 0.4283653846153846 0.08693563880883766 0.06288942307692308
0 0.4892026897214217 0.6268245192307693 0.0932564841498559 0.08602884615384615
0 0.4342747358309318 0.6579735576923077 0.07349983989753442 0.08662259615384615
0 0.425581171950048 0.6057620192307692 0.07982068523855268 0.05814423076923077
0 0.706141530579571 0.6217812500000001 0.10669228306115913 0.09255528846153846
0 0.5524271533781621 0.38356971153846153 0.07586935638808838 0.033817307692307695
0 0.5749503682356708 0.9231802884615384 0.05927313480627602 0.04271875
0 0.5627025296189561 0.9635240384615386 0.05690361831572206 0.02491826923076923
0 0.632644892731348 0.9261466346153846 0.07507845020813321 0.03441105769230769
0 0.6373871277617675 0.8217235576923076 0.05611271213576689 0.03678365384615385
0 0.6417323086775537 0.8573221153846154 0.06006404098623119 0.03559855769230769
1 0.2876721101504963 0.6116947115384616 0.11538584694204292 0.07831490384615385
1 0.18177073326929233 0.5885576923076923 0.10274095421069485 0.09018269230769231
1 0.17900416266410502 0.5446514423076924 0.08772334293948127 0.03678365384615385
1 0.2841178354146654 0.55978125 0.08772334293948127 0.05043028846153846
1 0.37579250720461094 0.495704326923077 0.11617675312199807 0.07060336538461538
1 0.3402273455011207 0.5224038461538462 0.11775536343259686 0.04568509615384616
1 0.4706308037143772 0.5268533653846154 0.07507845020813321 0.0759423076923077
1 0.45521934037784184 0.4114567307692308 0.09958053154018572 0.055177884615384615
1 0.27819084213896894 0.45654567307692306 0.1311911623439001 0.07890865384615385
1 0.2758181235991034 0.3438076923076923 0.1090617995517131 0.0753485576923077
1 0.22602945885366635 0.35300240384615383 0.09799871918027538 0.07238221153846154
0 0.7369644572526417 0.3628052884615385 0.04662824207492795 0.059923076923076926
1 0.729455651617035 0.3126706730769231 0.09799871918027538 0.061704326923076924
1 0.6022158181235991 0.5574086538461539 0.04583733589497278 0.0409375
1 0.5587512007684918 0.5855889423076923 0.08535382644892732 0.04390384615384615
1 0.6911271213576688 0.7202692307692308 0.1193371757925072 0.09374278846153847
1 0.7966346461735511 0.7086995192307692 0.13909382004482868 0.08602884615384615
1 0.7911015049631764 0.6523365384615384 0.11696445725264168 0.038564903846153846
1 0.5939193083573487 0.707810096153846 0.0829811079090618 0.06051682692307692
1 0.5923374959974383 0.6523365384615384 0.08614473262888248 0.058737980769230765
1 0.5196285622798591 0.7030649038461538 0.05769132244636567 0.05458413461538461
1 0.4006884406019852 0.72471875 0.1011591418507845 0.05280288461538461
1 0.3101985270573167 0.7712932692307692 0.1572718539865514 0.10442067307692307
1 0.14996157540826127 0.8344807692307692 0.223073967339097 0.1607860576923077
1 0.314149855907781 0.9598100961538462 0.1722862632084534 0.0803798076923077
1 0.3939705411463336 0.8374471153846155 0.1991578610310599 0.16434374999999998
0 0.8316618635926994 0.49213221153846154 0.11985590778097983 0.08936778846153846
0 0.7776464937560039 0.4928966346153846 0.06318924111431316 0.08416346153846153
0 0.7285206532180596 0.48555288461538465 0.09458213256484149 0.05662019230769231
0 0.7189401216778738 0.4476009615384615 0.0640057636887608 0.05662019230769231
0 0.5919212295869356 0.2676947115384615 0.04485750880563561 0.03465144230769231
0 0.3585334614153058 0.3133269230769231 0.05135766890810118 0.028307692307692308