1 0.11072046109510085 0.9467980769230769 0.2214409221902017 0.10640384615384615
1 0.16500800512327893 0.9531298076923077 0.13495036823567083 0.09374038461538461
1 0.39104707012487994 0.8692836538461538 0.13188280499519692 0.22354807692307693
1 0.15733909702209414 0.8621442307692307 0.3146781940441883 0.13280769230769232
1 0.27419148254883124 0.9076562499999999 0.12513608709574128 0.18468990384615383
1 0.42156260006404095 0.6611153846153845 0.19107588856868396 0.24190144230769228
1 0.5473134806276017 0.67009375 0.13586935638808836 0.21841586538461538
1 0.639782260646814 0.5978942307692308 0.2061031059878322 0.14539423076923078
1 0.8673583093179635 0.8038822115384615 0.1398559077809798 0.20278846153846156
1 0.6477585654819085 0.7275384615384616 0.06870317002881844 0.11226442307692307
1 0.7164585334614153 0.7434302884615385 0.07115593980147294 0.14865384615384614
1 0.6643195645212937 0.9228173076923077 0.19997118155619598 0.12521875
1 0.21714697406340058 0.28623557692307694 0.23800192122958694 0.1345408653846154
1 0.263611911623439 0.3328701923076923 0.12544028178033942 0.15182451923076923
1 0.6502113352545629 0.5161538461538461 0.2330931796349664 0.12236538461538463
1 0.847114953570285 0.564860576923077 0.2097854626961255 0.12997836538461538
1 0.9692571245597181 0.5668197115384614 0.06148895292987512 0.16843750000000002
1 0.06686199167467179 0.5699350961538461 0.13372398334934357 0.09407932692307693
1 0.06134165866154338 0.6351081730769231 0.12268011527377522 0.14614182692307692
1 0.18755043227665708 0.6604302884615384 0.19414345180915785 0.1990889423076923
1 0.3080819724623759 0.6115096153846155 0.12482869036183157 0.12657451923076923
1 0.2899871918027538 0.5277980769230769 0.19046429715017613 0.08578846153846154
1 0.7386935638808838 0.32055528846153847 0.12482869036183157 0.1479158653846154
1 0.8618347742555236 0.36614663461538466 0.21469100224143453 0.10095432692307693
1 0.3465738072366314 0.4058629807692308 0.17052833813640728 0.18729326923076922
1 0.4291994876721102 0.12242307692307691 0.30895613192443167 0.10970432692307693