0 0.5989625360230547 0.47035576923076927 0.160457893051553 0.05422596153846154
1 0.34163944924751843 0.4674206730769231 0.07916106308037144 0.08681971153846155
1 0.2582100544348383 0.4636177884615385 0.09837335894972783 0.10645432692307692
0 0.2700384245917387 0.8925649038461538 0.09606147934678194 0.10377403846153846
1 0.5891770733269293 0.6820288461538461 0.11527377521613832 0.08654807692307692
1 0.38308997758565483 0.33145192307692306 0.08094140249759846 0.06808653846153846
0 0.5391898815241755 0.7935697115384616 0.09641690682036504 0.07725721153846153
0 0.4086167146974063 0.945326923076923 0.08716618635926994 0.057052884615384616
1 0.07586935638808838 0.8550192307692308 0.13893371757925072 0.06393990384615385
1 0.7642235030419469 0.8946971153846154 0.20315081652257447 0.21060336538461538
0 0.8623310918988152 0.6478870192307692 0.1705987832212616 0.06529567307692308
1 0.7341594620557157 0.5318004807692308 0.06582132564841499 0.05692307692307692
0 0.7175248158821645 0.4471658653846154 0.06884406019852705 0.02707692307692308
1 0.7252641690682037 0.36096634615384615 0.11385206532180596 0.05505769230769231
1 0.8746045469100224 0.21149519230769231 0.1460486711495357 0.07015625
1 0.2505603586295229 0.27461538461538465 0.1275472302273455 0.06819471153846154
1 0.6010951008645533 0.10713701923076924 0.13270573166826768 0.11785336538461538
1 0.46580851745116875 0.2938533653846154 0.131104707012488 0.0698125
1 0.07062439961575408 0.24703125000000004 0.14124559718219662 0.0819375
1 0.586954851104707 0.37791105769230765 0.08734550112071725 0.0680576923076923
0 0.36868075568363756 0.6334927884615384 0.07560358629522895 0.05197596153846154
0 0.8683765609990394 0.4275480769230769 0.14213576689081012 0.11444711538461538
0 0.44526416906820365 0.4387259615384615 0.11776496958053154 0.06468509615384614
1 0.4630515529939161 0.07172836538461538 0.1448030739673391 0.07107211538461539
1 0.6445020813320526 0.029173076923076923 0.05728146013448607 0.02923076923076923
0 0.697601665065642 0.5886057692307692 0.10584694204290745 0.04553365384615384
1 0.6200416266410503 0.5425576923076924 0.06813320525136086 0.07683653846153846