0 0.12244636567403137 0.4709086538461538 0.24488952929875119 0.13998798076923077
0 0.6565706051873198 0.46949278846153847 0.10473583093179634 0.09635336538461538
0 0.28289145052833814 0.7313197115384615 0.2925424271533782 0.1583028846153846
1 0.6251841178354147 0.1329423076923077 0.1351328850464297 0.2012235576923077
1 0.35231508165225744 0.3848894230769231 0.2249759846301633 0.2469326923076923
1 0.13253602305475506 0.07525000000000001 0.26507204610951013 0.09810336538461539
1 0.3987223823246878 0.11733413461538462 0.11285943003522253 0.1544014423076923
1 0.3860999039385206 0.5200625 0.16780339417227025 0.17948557692307693
1 0.5305155299391611 0.74915625 0.23834133845661223 0.19509375
1 0.35231508165225744 0.8751346153846153 0.12102785782901057 0.24972836538461535
1 0.6251841178354147 0.6070168269230769 0.20195965417867437 0.16722355769230768
1 0.8771886007044508 0.5989350961538462 0.2456227985910983 0.1231875
1 0.8156324047390329 0.5005528846153846 0.28140569964777457 0.08472596153846153
1 0.8787447966698688 0.2486033653846154 0.18191162343900097 0.13823798076923077
0 0.8787447966698688 0.3865625 0.17597182196605826 0.12207211538461538