0 0.7131892411143131 0.4852764423076923 0.28840217739353186 0.08305048076923077
0 0.6198847262247839 0.5773822115384615 0.18375280179314762 0.19428125000000002
0 0.4533813640730068 0.2766514423076923 0.17670188920909383 0.20957692307692308
0 0.2833493435798911 0.32594951923076926 0.21787383925712456 0.1293028846153846
0 0.4328882484790266 0.7116899038461538 0.1109382004482869 0.20102403846153846
0 0.37570284982388724 0.6137163461538462 0.1490617995517131 0.09236538461538461
0 0.5638424591738713 0.6675312499999999 0.19366634646173553 0.11986057692307693
0 0.4536663464617355 0.4662644230769231 0.17155299391610632 0.14948557692307693
0 0.5565033621517772 0.4177403846153846 0.15039705411463336 0.08964663461538462
0 0.722529618956132 0.3689350961538462 0.23464937560038424 0.08877644230769231
0 0.5928146013448606 0.15042548076923076 0.17841818764008968 0.15746153846153846