0 0.2505603586295229 0.6729471153846154 0.06969900736471342 0.12169711538461538
0 0.14259686199167468 0.7182788461538462 0.08923150816522575 0.13447355769230768
0 0.06991034261927634 0.6506538461538461 0.13747358309317964 0.08049278846153847
0 0.23652577649695805 0.5893798076923077 0.069164265129683 0.04429567307692308
1 0.48318924111431316 0.5216586538461538 0.10822926673070765 0.10757932692307692
0 0.7082388728786423 0.6607139423076923 0.1303234069804675 0.16261298076923078
0 0.7347646493756004 0.8694423076923077 0.1285078450208133 0.11757211538461539
0 0.5120076849183477 0.7357860576923076 0.11185718860070444 0.10346394230769232
1 0.771533781620237 0.9683629807692308 0.07268651937239834 0.05964182692307693
0 0.5923246878001921 0.83471875 0.1053474223503042 0.148125
1 0.9267275056035863 0.7601225961538461 0.07567403138008326 0.047968750000000004
0 0.8359494076208774 0.47372355769230773 0.1323503041946846 0.07036298076923077
0 0.8651392891450528 0.22736778846153846 0.14718860070445086 0.045920673076923074
0 0.6244540505923791 0.282875 0.08848222862632084 0.055975961538461544
0 0.372398334934358 0.4381826923076923 0.09670188920909382 0.12620673076923075
0 0.271213576689081 0.29426682692307693 0.1287223823246878 0.113375
1 0.39753442203009925 0.18848317307692308 0.09702209414024976 0.10084375
0 0.14222542427153378 0.3924711538461539 0.09403458213256485 0.09536057692307692
0 0.9181876400896574 0.42057692307692307 0.10086455331412104 0.05637980769230769
1 0.6115017611271214 0.15506490384615385 0.14711495357028498 0.19608173076923077
1 0.13137367915465897 0.2699014423076923 0.12078770413064362 0.1020360576923077