1 0.6906628242074928 0.6344158653846154 0.3374607748959334 0.15638461538461537
1 0.18598463016330452 0.5443894230769231 0.19052193403778417 0.23754807692307695
1 0.4620749279538905 0.45907692307692305 0.18981107909061798 0.1582716346153846
1 0.6211975664425232 0.28333413461538465 0.27324047390329814 0.09685096153846154
1 0.4159109830291387 0.30458653846153844 0.18038104386807557 0.1665985576923077
0 0.2230195325008005 0.10613461538461538 0.20268651937239834 0.1078341346153846
1 0.16855267371117516 0.3850168269230769 0.20048350944604548 0.08924759615384614
1 0.08183157220621198 0.8141009615384615 0.13021773935318603 0.21927884615384616
0 0.46002881844380406 0.7359254807692307 0.19212295869356388 0.07895432692307693
1 0.6102561639449248 0.7591057692307692 0.09979827089337176 0.09006009615384615
0 0.8875888568683958 0.7991971153846154 0.11865513928914505 0.17024038461538463
1 0.7829010566762729 0.42174759615384616 0.1633045148895293 0.17816586538461537
1 0.5325200128081973 0.10223076923076922 0.1748671149535703 0.20446153846153844
1 0.7241978866474544 0.14940625 0.19532500800512329 0.10967548076923077
1 0.9038680755683638 0.1909206730769231 0.19176753121998077 0.14726923076923076
0 0.2480691642651297 0.19893750000000002 0.205821325648415 0.08190625