1 0.7294460454691002 0.8116201923076923 0.15436759526096702 0.20579086538461538
1 0.6257989113032341 0.7475576923076923 0.0995741274415626 0.12547836538461538
1 0.48864553314121034 0.7653725961538461 0.12372078130003202 0.12968990384615384
1 0.43509446045469097 0.7439495192307692 0.17421709894332374 0.10171634615384616
0 0.497870637207813 0.45884375 0.11539545308997759 0.11566826923076923
0 0.5865674031380083 0.46646634615384613 0.1228946525776497 0.1425048076923077
1 0.1331572206211976 0.7127115384615385 0.15775536343259686 0.19274519230769233
1 0.052997118155619596 0.68753125 0.10599423631123919 0.17948317307692307
1 0.4004610951008646 0.4940697115384615 0.1919564521293628 0.1741730769230769
1 0.3342683317323087 0.4409639423076923 0.24314441242395135 0.07758173076923078
1 0.835959013768812 0.7537956730769231 0.27978866474543707 0.09116586538461538
1 0.09247838616714697 0.5832572115384616 0.18233429394812678 0.09820432692307692
1 0.6694748639129042 0.6168052884615385 0.10505283381364072 0.10237019230769231
1 0.9329106628242075 0.6356923076923077 0.13417547230227345 0.13227403846153846
1 0.24494716618635928 0.56565625 0.16189881524175473 0.12003846153846154
1 0.2614505283381364 0.6738389423076924 0.09745437079731029 0.09253365384615385
1 0.341482548831252 0.6606586538461539 0.05684918347742555 0.07010576923076922
1 0.4009510086455332 0.6852451923076923 0.08042587255843739 0.08388221153846154
1 0.35879602945885364 0.91375 0.2078290105667627 0.0928076923076923
1 0.66870637207813 0.3603389423076923 0.09995837335894973 0.13870913461538462
1 0.40353826448927316 0.3278076923076923 0.09777457572846622 0.10150240384615385
1 0.3056548190842139 0.27651923076923074 0.10497598463016329 0.12016826923076923
1 0.20897214217098944 0.3656514423076923 0.09057316682676914 0.07724278846153845
1 0.2365802113352546 0.42661298076923077 0.12789305155299394 0.13363221153846153
1 0.7064649375600384 0.46684134615384615 0.1972942683317323 0.09775721153846154
1 0.7903810438680756 0.6283774038461539 0.10104707012487991 0.10625480769230769