1 0.4797794117647059 0.32396139705882354 0.024918300653594773 0.03374693627450981
1 0.32284722222222223 0.5928523284313725 0.086875 0.09481311274509804
0 0.5271650326797386 0.2455330882352941 0.06767565359477123 0.13342218137254902
0 0.7191584967320261 0.21712928921568628 0.07720588235294118 0.11665134803921569
0 0.8295220588235295 0.5871170343137254 0.1437908496732026 0.16912377450980393
0 0.409109477124183 0.7342616421568627 0.06004901960784314 0.08739276960784313
1 0.5553513071895425 0.5085355392156863 0.06849264705882352 0.04627757352941177
1 0.5529003267973857 0.6358762254901961 0.051605392156862745 0.05831495098039216
1 0.46915849673202614 0.62484375 0.04343545751633987 0.0558578431372549
1 0.4867238562091503 0.8903431372549019 0.03417892156862745 0.05621629901960785
0 0.42830882352941174 0.872751225490196 0.03390522875816993 0.0725061274509804
1 0.5191993464052288 0.8557843137254902 0.056372549019607844 0.016513480392156863
0 0.8485171568627451 0.9411488970588234 0.060866013071895424 0.08184742647058822
1 0.29813316993464056 0.7372395833333333 0.057324346405228765 0.08702205882352942
1 0.7640931372549019 0.7464307598039216 0.044526143790849675 0.06863970588235294
0 0.711670751633987 0.7716697303921569 0.04588643790849673 0.10196078431372549
1 0.416531862745098 0.6152726715686274 0.04384395424836601 0.0796078431372549
0 0.49720996732026146 0.41961703431372555 0.11832924836601308 0.18584558823529412
1 0.8489256535947712 0.4744669117647059 0.0559640522875817 0.03983455882352942
0 0.41625816993464054 0.3938082107843138 0.119281045751634 0.15873468137254904
0 0.5960661764705882 0.8369944852941176 0.041801470588235294 0.06839460784313726
1 0.5179738562091504 0.7695159313725489 0.05228758169934641 0.016363357843137253
1 0.549562908496732 0.5722518382352941 0.051744281045751635 0.0389093137254902
0 0.3410947712418301 0.19454656862745098 0.07107843137254902 0.10600490196078431
0 0.21895424836601307 0.24142156862745098 0.08823529411764706 0.12867647058823528
0 0.4644607843137255 0.23223039215686275 0.09068627450980392 0.12377450980392157
0 0.26348039215686275 0.47824754901960786 0.04003267973856209 0.06801470588235294
0 0.2152777777777778 0.47763480392156865 0.06781045751633986 0.0778186274509804
1 0.08006535947712418 0.4966299019607843 0.1111111111111111 0.1721813725490196
1 0.04330065359477124 0.45098039215686275 0.08660130718954248 0.11397058823529412
1 0.9068627450980392 0.49264705882352944 0.06535947712418301 0.0784313725490196
0 0.7671568627450981 0.2662377450980392 0.06862745098039216 0.12683823529411764
0 0.6290849673202614 0.2800245098039216 0.08333333333333333 0.14583333333333334
1 0.20915032679738563 0.5870098039215687 0.11601307189542484 0.11151960784313726
1 0.23284313725490197 0.852328431372549 0.14052287581699346 0.12254901960784313
1 0.9330065359477124 0.9341299019607843 0.0718954248366013 0.1170343137254902
0 0.8731617647058824 0.8141850490196079 0.19676062091503269 0.17616421568627452
0 0.6723161764705882 0.7455055147058823 0.07284722222222223 0.11131433823529412