1 0.18166666666666667 0.563375 0.36333333333333334 0.17375
1 0.21916666666666668 0.742125 0.26166666666666666 0.26125
1 0.35583333333333333 0.465875 0.13833333333333334 0.26875
1 0.66 0.599 0.5533333333333333 0.18
1 0.8116666666666666 0.539625 0.37666666666666665 0.16125
1 0.8675 0.6827500000000001 0.265 0.1875
1 0.295075 0.9355125 0.2553 0.128975
1 0.4810583333333333 0.9176125 0.14090833333333333 0.164775
1 0.4572 0.7071 0.19318333333333332 0.09147500000000001
1 0.8810583333333333 0.8232937499999999 0.237875 0.0875
1 0.16704166666666664 0.10141875 0.3219666666666667 0.11761250000000001
1 0.24848333333333333 0.271025 0.2303 0.10227499999999999
1 0.10870833333333332 0.36306875 0.217425 0.1136375
1 0.27613333333333334 0.3573875 0.21894166666666667 0.097725
1 0.49583333333333335 0.3 0.22651666666666667 0.07840625
1 0.632575 0.39375 0.15909166666666666 0.18636250000000001
1 0.5072 0.45625 0.16439166666666669 0.1125
1 0.8988666666666667 0.15880625 0.20227499999999998 0.14829375
1 0.6765166666666667 0.0644875 0.19696666666666668 0.128975
1 0.3560583333333333 0.09858125 0.15303333333333333 0.1051125
1 0.2757583333333333 0.047725 0.21363333333333334 0.09318125000000001
1 0.5242416666666667 0.11960000000000001 0.09394166666666667 0.09943125
1 0.45605833333333334 0.048293749999999996 0.312125 0.09659375
1 0.9034083333333333 0.34744375 0.19318333333333332 0.0948875