0 0.5016666666666667 0.653125 0.99 0.69375
0 0.74 0.7025 0.056666666666666664 0.1425
0 0.8275 0.555625 0.07166666666666667 0.08875
0 0.3858333333333333 0.506875 0.11833333333333333 0.04875
0 0.6908333333333333 0.931875 0.07833333333333334 0.13625
0 0.7658333333333334 0.878125 0.19166666666666668 0.11375
0 0.49916666666666665 0.563125 0.09833333333333333 0.08375
0 0.8625 0.749375 0.09166666666666666 0.14125
0 0.22333333333333333 0.5884375 0.225 0.061875
0 0.09333333333333334 0.6075 0.17333333333333334 0.06
0 0.12666666666666668 0.6921875 0.11333333333333333 0.091875
0 0.2758333333333333 0.6409375 0.13666666666666666 0.160625
0 0.38625 0.6021875 0.10583333333333333 0.140625
0 0.2683333333333333 0.388125 0.235 0.11875
0 0.8733333333333333 0.420625 0.18666666666666668 0.05125
0 0.6379166666666667 0.4246875 0.16916666666666666 0.066875
0 0.575 0.80125 0.125 0.105